AgamP4_2R:3436927_NB551179:28:HG5NLBGXB:1:11204:11843:10683_1_L	AgamP4_2R	98.438	64	1	0	1	64	3639772	3639835	6.53e-25	113
AgamP4_2R:3436927_NB551179:28:HG5NLBGXB:2:13312:8536:6150_1_L	AgamP4_2R	100.000	49	0	0	1	49	3639787	3639835	2.02e-18	91.6
AgamP4_2R:3436927_NB551179:28:HG5NLBGXB:3:11510:15729:13630_1_L	AgamP4_2R	100.000	46	0	0	1	46	3639790	3639835	8.34e-17	86.1
AgamP4_2R:3436927_NB551179:28:HG5NLBGXB:3:23602:3861:10223_1_L	AgamP4_2R	100.000	34	0	0	1	34	3639802	3639835	2.12e-10	63.9
AgamP4_2R:3436927_NB551179:28:HG5NLBGXB:4:22412:9823:18632_1_L	AgamP4_2R	100.000	53	0	0	1	53	3639783	3639835	1.38e-20	99.0
AgamP4_2R:3436927_NB551179:28:HG5NLBGXB:4:22509:15079:13639_1_L	AgamP4_2R	100.000	44	0	0	1	44	3639792	3639835	9.89e-16	82.4
AgamP4_2R:3436927_NB551179:28:HG5NLBGXB:1:13209:26333:19801_1_L	AgamP4_2R	100.000	46	0	0	1	46	3639790	3639835	8.34e-17	86.1
AgamP4_2R:3436927_NB551179:28:HG5NLBGXB:2:22212:6226:1553_1_L	AgamP4_2R	98.148	54	1	0	1	54	3639782	3639835	1.85e-19	95.3
AgamP4_2R:3436927_NB551179:28:HG5NLBGXB:3:22501:9124:20079_1_L	AgamP4_2R	98.529	68	1	0	1	68	3639768	3639835	4.29e-27	121
AgamP4_2R:3436927_NB551179:28:HG5NLBGXB:4:22412:9823:18632_1_L	AgamP4_2R	100.000	53	0	0	1	53	3639783	3639835	1.38e-20	99.0
AgamP4_2R:3639835_NB551179:28:HG5NLBGXB:2:23306:15139:10640_2_R	AgamP4_2R	98.113	53	1	0	2	54	3436927	3436979	6.44e-19	93.5
AgamP4_2R:3639835_NB551179:28:HG5NLBGXB:4:11504:19030:14102_2_R	AgamP4_2R	98.276	58	1	0	2	59	3436927	3436984	1.24e-21	102
AgamP4_2R:3639835_NB551179:28:HG5NLBGXB:4:21512:11672:10955_2_R	AgamP4_2R	97.403	77	2	0	2	78	3436927	3437003	2.38e-30	132
AgamP4_2R:3639770_NB551179:28:HG5NLBGXB:1:12304:17897:18870_2_L	AgamP4_UNKN	98.507	67	1	0	1	67	22544660	22544594	1.47e-26	119
AgamP4_2R:3639770_NB551179:28:HG5NLBGXB:1:12304:17897:18870_2_L	AgamP4_UNKN	98.507	67	1	0	1	67	39606575	39606641	1.47e-26	119
AgamP4_2R:3639770_NB551179:28:HG5NLBGXB:1:22307:21068:10813_2_L	AgamP4_UNKN	100.000	38	0	0	1	38	22544631	22544594	1.46e-12	71.3
AgamP4_2R:3639770_NB551179:28:HG5NLBGXB:1:22307:21068:10813_2_L	AgamP4_UNKN	100.000	38	0	0	1	38	39606604	39606641	1.46e-12	71.3
AgamP4_2R:3639770_NB551179:28:HG5NLBGXB:4:13501:9983:7226_2_L	AgamP4_UNKN	100.000	48	0	0	1	48	22544641	22544594	6.71e-18	89.8
AgamP4_2R:3639770_NB551179:28:HG5NLBGXB:4:13501:9983:7226_2_L	AgamP4_UNKN	100.000	48	0	0	1	48	39606594	39606641	6.71e-18	89.8
AgamP4_2R:3639770_NB551179:28:HG5NLBGXB:4:13506:18231:3481_2_L	AgamP4_UNKN	100.000	48	0	0	1	48	22544641	22544594	6.71e-18	89.8
AgamP4_2R:3639770_NB551179:28:HG5NLBGXB:4:13506:18231:3481_2_L	AgamP4_UNKN	100.000	48	0	0	1	48	39606594	39606641	6.71e-18	89.8
AgamP4_2R:3639770_NB551179:28:HG5NLBGXB:1:13311:20048:10345_2_L	AgamP4_UNKN	98.305	59	1	0	1	59	22544652	22544594	3.36e-22	104
AgamP4_2R:3639770_NB551179:28:HG5NLBGXB:1:13311:20048:10345_2_L	AgamP4_UNKN	98.305	59	1	0	1	59	39606583	39606641	3.36e-22	104
AgamP4_2R:3639770_NB551179:28:HG5NLBGXB:1:22307:21068:10813_2_L	AgamP4_UNKN	100.000	38	0	0	1	38	22544631	22544594	1.46e-12	71.3
AgamP4_2R:3639770_NB551179:28:HG5NLBGXB:1:22307:21068:10813_2_L	AgamP4_UNKN	100.000	38	0	0	1	38	39606604	39606641	1.46e-12	71.3
AgamP4_2R:3639770_NB551179:28:HG5NLBGXB:4:13506:18231:3481_2_L	AgamP4_UNKN	100.000	47	0	0	1	47	22544640	22544594	2.32e-17	87.9
AgamP4_2R:3639770_NB551179:28:HG5NLBGXB:4:13506:18231:3481_2_L	AgamP4_UNKN	100.000	47	0	0	1	47	39606595	39606641	2.32e-17	87.9
AgamP4_2R:3639835_NB551179:28:HG5NLBGXB:1:22304:22331:15869_2_R	AgamP4_2R	100.000	38	0	0	2	39	3436927	3436964	1.56e-12	71.3
AgamP4_2R:3639835_NB551179:28:HG5NLBGXB:1:22304:22331:15869_2_R	AgamP4_2R	100.000	38	0	0	2	39	3436927	3436964	1.56e-12	71.3
